NONE:0,0,0,0,0,0,0,0,0,0,0,0,0,0,0,0,0
ALL:1,1,1,1,1,1,1,1,1,1,1,1,1,1,1,1,1
INS:1,1,1,1,0,0,0,0,0,0,0,0,0,0,0,0,0
IND:1,0,0,0,1,1,1,0,0,0,0,0,0,0,0,0,0
INALL:1,1,1,1,1,1,1,0,0,0,0,0,0,0,0,0,0
MIDD:1,0,0,0,1,1,1,1,1,1,1,1,0,0,0,0,0
OUTD:1,0,0,0,0,0,0,0,1,1,1,1,0,0,0,0,0
OUTS:1,0,0,0,0,0,0,0,0,0,0,0,1,1,1,1,1
OUTALL:1,0,0,0,0,0,0,0,1,1,1,1,1,1,1,1,1
ALL0.5:0.5,0.5,0.5,0.5,0.5,0.5,0.5,0.5,0.5,0.5,0.5,0.5,0.5,0.5,0.5,0.5,0.5
BODY:1,1,1,1,1,1,1,1,0,0,0,1,1,1,1,1,1
BODY0.5:1,1,1,1,1,1,0.2,1,0.2,0,0,0.8,1,1,1,1,1
FACE:1,0,0,0,0,0,0,0,1,1,1,0,0,0,0,0,0
FACE0.5:1,0,0,0,0,0,0,0,0.8,1,1,0.2,0,0,0,0,0
FACE0.2:1,0,0,0,0,0,0,0,0.2,0.6,0.8,0.2,0,0,0,0,0
HAND:1,0,1,1,0.2,0,0,0,0,0,0,0,0,0,0,0,0
CLOTHING:1,1,1,1,1,0,0.2,0,0.8,1,1,0.2,0,0,0,0,0
POSE:1,0,0,0,0,0,0.2,1,1,1,0,0,0,0,0,0,0
PALETTE:1,0,0,0,0,0,0,0,0,0,0,0.8,1,1,1,1,1
KEEPCHAR:1,1,1,1,1,0,0,0,1,1,1,1,1,1,1,0,0
KEEPBG:1,1,1,1,1,1,0.2,1,0.2,0,0,0.8,1,1,1,0,0
REDUCEFIT:1,0,0,0,0,0,0,0,1,1,1,1,1,1,1,1,1